col	row	z
0	0	1.8
1	0	1.71
2	0	1.622068966
3	0	1.536206897
4	0	1.452413793
5	0	1.370689655
6	0	1.291034483
7	0	1.213448276
8	0	1.137931034
9	0	1.064482759
10	0	0.993103448
11	0	0.923793103
12	0	0.856551724
13	0	0.79137931
14	0	0.728275862
15	0	0.667241379
16	0	0.608275862
17	0	0.55137931
18	0	0.496551724
19	0	0.443793103
20	0	0.393103448
21	0	0.344482759
22	0	0.297931034
23	0	0.253448276
24	0	0.211034483
25	0	0.170689655
26	0	0.132413793
27	0	0.096206897
28	0	0.062068966
29	0	0.03
0	1	1.8
1	1	1.71
2	1	1.622068966
3	1	1.536206897
4	1	1.452413793
5	1	1.370689655
6	1	1.291034483
7	1	1.213448276
8	1	1.137931034
9	1	1.064482759
10	1	0.993103448
11	1	0.923793103
12	1	0.856551724
13	1	0.79137931
14	1	0.728275862
15	1	0.667241379
16	1	0.608275862
17	1	0.55137931
18	1	0.496551724
19	1	0.443793103
20	1	0.393103448
21	1	0.344482759
22	1	0.297931034
23	1	0.253448276
24	1	0.211034483
25	1	0.170689655
26	1	0.132413793
27	1	0.096206897
28	1	0.062068966
29	1	0.03
0	2	1.8
1	2	1.71
2	2	1.622068966
3	2	1.536206897
4	2	1.452413793
5	2	1.370689655
6	2	1.291034483
7	2	1.213448276
8	2	1.137931034
9	2	1.064482759
10	2	0.993103448
11	2	0.923793103
12	2	0.856551724
13	2	0.79137931
14	2	0.728275862
15	2	0.667241379
16	2	0.608275862
17	2	0.55137931
18	2	0.496551724
19	2	0.443793103
20	2	0.393103448
21	2	0.344482759
22	2	0.297931034
23	2	0.253448276
24	2	0.211034483
25	2	0.170689655
26	2	0.132413793
27	2	0.096206897
28	2	0.062068966
29	2	0.03
0	3	1.8
1	3	1.71
2	3	1.622068966
3	3	1.536206897
4	3	1.452413793
5	3	1.370689655
6	3	1.291034483
7	3	1.213448276
8	3	1.137931034
9	3	1.064482759
10	3	0.993103448
11	3	0.923793103
12	3	0.856551724
13	3	0.79137931
14	3	0.728275862
15	3	0.667241379
16	3	0.608275862
17	3	0.55137931
18	3	0.496551724
19	3	0.443793103
20	3	0.393103448
21	3	0.344482759
22	3	0.297931034
23	3	0.253448276
24	3	0.211034483
25	3	0.170689655
26	3	0.132413793
27	3	0.096206897
28	3	0.062068966
29	3	0.03
0	4	1.8
1	4	1.71
2	4	1.622068966
3	4	1.536206897
4	4	1.452413793
5	4	1.370689655
6	4	1.291034483
7	4	1.213448276
8	4	1.137931034
9	4	1.064482759
10	4	0.993103448
11	4	0.923793103
12	4	0.856551724
13	4	0.79137931
14	4	0.728275862
15	4	0.667241379
16	4	0.608275862
17	4	0.55137931
18	4	0.496551724
19	4	0.443793103
20	4	0.393103448
21	4	0.344482759
22	4	0.297931034
23	4	0.253448276
24	4	0.211034483
25	4	0.170689655
26	4	0.132413793
27	4	0.096206897
28	4	0.062068966
29	4	0.03
0	5	1.8
1	5	1.71
2	5	1.622068966
3	5	1.536206897
4	5	1.452413793
5	5	1.370689655
6	5	1.291034483
7	5	1.213448276
8	5	1.137931034
9	5	1.064482759
10	5	0.993103448
11	5	0.923793103
12	5	0.856551724
13	5	0.79137931
14	5	0.728275862
15	5	0.667241379
16	5	0.608275862
17	5	0.55137931
18	5	0.496551724
19	5	0.443793103
20	5	0.393103448
21	5	0.344482759
22	5	0.297931034
23	5	0.253448276
24	5	0.211034483
25	5	0.170689655
26	5	0.132413793
27	5	0.096206897
28	5	0.062068966
29	5	0.03
0	6	1.8
1	6	1.71
2	6	1.622068966
3	6	1.536206897
4	6	1.452413793
5	6	1.370689655
6	6	1.291034483
7	6	1.213448276
8	6	1.137931034
9	6	1.064482759
10	6	0.993103448
11	6	0.923793103
12	6	0.856551724
13	6	0.79137931
14	6	0.728275862
15	6	0.667241379
16	6	0.608275862
17	6	0.55137931
18	6	0.496551724
19	6	0.443793103
20	6	0.393103448
21	6	0.344482759
22	6	0.297931034
23	6	0.253448276
24	6	0.211034483
25	6	0.170689655
26	6	0.132413793
27	6	0.096206897
28	6	0.062068966
29	6	0.03
0	7	1.8
1	7	1.71
2	7	1.622068966
3	7	1.536206897
4	7	1.452413793
5	7	1.370689655
6	7	1.291034483
7	7	1.213448276
8	7	1.137931034
9	7	1.064482759
10	7	0.993103448
11	7	0.923793103
12	7	0.856551724
13	7	0.79137931
14	7	0.728275862
15	7	0.667241379
16	7	0.608275862
17	7	0.55137931
18	7	0.496551724
19	7	0.443793103
20	7	0.393103448
21	7	0.344482759
22	7	0.297931034
23	7	0.253448276
24	7	0.211034483
25	7	0.170689655
26	7	0.132413793
27	7	0.096206897
28	7	0.062068966
29	7	0.03
0	8	1.8
1	8	1.71
2	8	1.622068966
3	8	1.536206897
4	8	1.452413793
5	8	1.370689655
6	8	1.291034483
7	8	1.213448276
8	8	1.137931034
9	8	1.064482759
10	8	0.993103448
11	8	0.923793103
12	8	0.856551724
13	8	0.79137931
14	8	0.728275862
15	8	0.667241379
16	8	0.608275862
17	8	0.55137931
18	8	0.496551724
19	8	0.443793103
20	8	0.393103448
21	8	0.344482759
22	8	0.297931034
23	8	0.253448276
24	8	0.211034483
25	8	0.170689655
26	8	0.132413793
27	8	0.096206897
28	8	0.062068966
29	8	0.03
0	9	1.8
1	9	1.71
2	9	1.622068966
3	9	1.536206897
4	9	1.452413793
5	9	1.370689655
6	9	1.291034483
7	9	1.213448276
8	9	1.137931034
9	9	1.064482759
10	9	0.993103448
11	9	0.923793103
12	9	0.856551724
13	9	0.79137931
14	9	0.728275862
15	9	0.667241379
16	9	0.608275862
17	9	0.55137931
18	9	0.496551724
19	9	0.443793103
20	9	0.393103448
21	9	0.344482759
22	9	0.297931034
23	9	0.253448276
24	9	0.211034483
25	9	0.170689655
26	9	0.132413793
27	9	0.096206897
28	9	0.062068966
29	9	0.03
0	10	1.8
1	10	1.71
2	10	1.622068966
3	10	1.536206897
4	10	1.452413793
5	10	1.370689655
6	10	1.291034483
7	10	1.213448276
8	10	1.137931034
9	10	1.064482759
10	10	0.993103448
11	10	0.923793103
12	10	0.856551724
13	10	0.79137931
14	10	0.728275862
15	10	0.667241379
16	10	0.608275862
17	10	0.55137931
18	10	0.496551724
19	10	0.443793103
20	10	0.393103448
21	10	0.344482759
22	10	0.297931034
23	10	0.253448276
24	10	0.211034483
25	10	0.170689655
26	10	0.132413793
27	10	0.096206897
28	10	0.062068966
29	10	0.03
0	11	1.8
1	11	1.71
2	11	1.622068966
3	11	1.536206897
4	11	1.452413793
5	11	1.370689655
6	11	1.291034483
7	11	1.213448276
8	11	1.137931034
9	11	1.064482759
10	11	0.993103448
11	11	0.923793103
12	11	0.856551724
13	11	0.79137931
14	11	0.728275862
15	11	0.667241379
16	11	0.608275862
17	11	0.55137931
18	11	0.496551724
19	11	0.443793103
20	11	0.393103448
21	11	0.344482759
22	11	0.297931034
23	11	0.253448276
24	11	0.211034483
25	11	0.170689655
26	11	0.132413793
27	11	0.096206897
28	11	0.062068966
29	11	0.03
0	12	1.8
1	12	1.71
2	12	1.622068966
3	12	1.536206897
4	12	1.452413793
5	12	1.370689655
6	12	1.291034483
7	12	1.213448276
8	12	1.137931034
9	12	1.064482759
10	12	0.993103448
11	12	0.923793103
12	12	0.856551724
13	12	0.79137931
14	12	0.728275862
15	12	0.667241379
16	12	0.608275862
17	12	0.55137931
18	12	0.496551724
19	12	0.443793103
20	12	0.393103448
21	12	0.344482759
22	12	0.297931034
23	12	0.253448276
24	12	0.211034483
25	12	0.170689655
26	12	0.132413793
27	12	0.096206897
28	12	0.062068966
29	12	0.03
0	13	1.8
1	13	1.71
2	13	1.622068966
3	13	1.536206897
4	13	1.452413793
5	13	1.370689655
6	13	1.291034483
7	13	1.213448276
8	13	1.137931034
9	13	1.064482759
10	13	0.993103448
11	13	0.923793103
12	13	0.856551724
13	13	0.79137931
14	13	0.728275862
15	13	0.667241379
16	13	0.608275862
17	13	0.55137931
18	13	0.496551724
19	13	0.443793103
20	13	0.393103448
21	13	0.344482759
22	13	0.297931034
23	13	0.253448276
24	13	0.211034483
25	13	0.170689655
26	13	0.132413793
27	13	0.096206897
28	13	0.062068966
29	13	0.03
0	14	1.8
1	14	1.71
2	14	1.622068966
3	14	1.536206897
4	14	1.452413793
5	14	1.370689655
6	14	1.291034483
7	14	1.213448276
8	14	1.137931034
9	14	1.064482759
10	14	0.993103448
11	14	0.923793103
12	14	0.856551724
13	14	0.79137931
14	14	0.728275862
15	14	0.667241379
16	14	0.608275862
17	14	0.55137931
18	14	0.496551724
19	14	0.443793103
20	14	0.393103448
21	14	0.344482759
22	14	0.297931034
23	14	0.253448276
24	14	0.211034483
25	14	0.170689655
26	14	0.132413793
27	14	0.096206897
28	14	0.062068966
29	14	0.03
0	15	1.8
1	15	1.71
2	15	1.622068966
3	15	1.536206897
4	15	1.452413793
5	15	1.370689655
6	15	1.291034483
7	15	1.213448276
8	15	1.137931034
9	15	1.064482759
10	15	0.993103448
11	15	0.923793103
12	15	0.856551724
13	15	0.79137931
14	15	0.728275862
15	15	0.667241379
16	15	0.608275862
17	15	0.55137931
18	15	0.496551724
19	15	0.443793103
20	15	0.393103448
21	15	0.344482759
22	15	0.297931034
23	15	0.253448276
24	15	0.211034483
25	15	0.170689655
26	15	0.132413793
27	15	0.096206897
28	15	0.062068966
29	15	0.03
0	16	1.8
1	16	1.71
2	16	1.622068966
3	16	1.536206897
4	16	1.452413793
5	16	1.370689655
6	16	1.291034483
7	16	1.213448276
8	16	1.137931034
9	16	1.064482759
10	16	0.993103448
11	16	0.923793103
12	16	0.856551724
13	16	0.79137931
14	16	0.728275862
15	16	0.667241379
16	16	0.608275862
17	16	0.55137931
18	16	0.496551724
19	16	0.443793103
20	16	0.393103448
21	16	0.344482759
22	16	0.297931034
23	16	0.253448276
24	16	0.211034483
25	16	0.170689655
26	16	0.132413793
27	16	0.096206897
28	16	0.062068966
29	16	0.03
0	17	1.8
1	17	1.71
2	17	1.622068966
3	17	1.536206897
4	17	1.452413793
5	17	1.370689655
6	17	1.291034483
7	17	1.213448276
8	17	1.137931034
9	17	1.064482759
10	17	0.993103448
11	17	0.923793103
12	17	0.856551724
13	17	0.79137931
14	17	0.728275862
15	17	0.667241379
16	17	0.608275862
17	17	0.55137931
18	17	0.496551724
19	17	0.443793103
20	17	0.393103448
21	17	0.344482759
22	17	0.297931034
23	17	0.253448276
24	17	0.211034483
25	17	0.170689655
26	17	0.132413793
27	17	0.096206897
28	17	0.062068966
29	17	0.03
0	18	1.8
1	18	1.71
2	18	1.622068966
3	18	1.536206897
4	18	1.452413793
5	18	1.370689655
6	18	1.291034483
7	18	1.213448276
8	18	1.137931034
9	18	1.064482759
10	18	0.993103448
11	18	0.923793103
12	18	0.856551724
13	18	0.79137931
14	18	0.728275862
15	18	0.667241379
16	18	0.608275862
17	18	0.55137931
18	18	0.496551724
19	18	0.443793103
20	18	0.393103448
21	18	0.344482759
22	18	0.297931034
23	18	0.253448276
24	18	0.211034483
25	18	0.170689655
26	18	0.132413793
27	18	0.096206897
28	18	0.062068966
29	18	0.03
0	19	1.8
1	19	1.71
2	19	1.622068966
3	19	1.536206897
4	19	1.452413793
5	19	1.370689655
6	19	1.291034483
7	19	1.213448276
8	19	1.137931034
9	19	1.064482759
10	19	0.993103448
11	19	0.923793103
12	19	0.856551724
13	19	0.79137931
14	19	0.728275862
15	19	0.667241379
16	19	0.608275862
17	19	0.55137931
18	19	0.496551724
19	19	0.443793103
20	19	0.393103448
21	19	0.344482759
22	19	0.297931034
23	19	0.253448276
24	19	0.211034483
25	19	0.170689655
26	19	0.132413793
27	19	0.096206897
28	19	0.062068966
29	19	0.03
0	20	1.8
1	20	1.71
2	20	1.622068966
3	20	1.536206897
4	20	1.452413793
5	20	1.370689655
6	20	1.291034483
7	20	1.213448276
8	20	1.137931034
9	20	1.064482759
10	20	0.993103448
11	20	0.923793103
12	20	0.856551724
13	20	0.79137931
14	20	0.728275862
15	20	0.667241379
16	20	0.608275862
17	20	0.55137931
18	20	0.496551724
19	20	0.443793103
20	20	0.393103448
21	20	0.344482759
22	20	0.297931034
23	20	0.253448276
24	20	0.211034483
25	20	0.170689655
26	20	0.132413793
27	20	0.096206897
28	20	0.062068966
29	20	0.03
0	21	1.8
1	21	1.71
2	21	1.622068966
3	21	1.536206897
4	21	1.452413793
5	21	1.370689655
6	21	1.291034483
7	21	1.213448276
8	21	1.137931034
9	21	1.064482759
10	21	0.993103448
11	21	0.923793103
12	21	0.856551724
13	21	0.79137931
14	21	0.728275862
15	21	0.667241379
16	21	0.608275862
17	21	0.55137931
18	21	0.496551724
19	21	0.443793103
20	21	0.393103448
21	21	0.344482759
22	21	0.297931034
23	21	0.253448276
24	21	0.211034483
25	21	0.170689655
26	21	0.132413793
27	21	0.096206897
28	21	0.062068966
29	21	0.03
0	22	1.8
1	22	1.71
2	22	1.622068966
3	22	1.536206897
4	22	1.452413793
5	22	1.370689655
6	22	1.291034483
7	22	1.213448276
8	22	1.137931034
9	22	1.064482759
10	22	0.993103448
11	22	0.923793103
12	22	0.856551724
13	22	0.79137931
14	22	0.728275862
15	22	0.667241379
16	22	0.608275862
17	22	0.55137931
18	22	0.496551724
19	22	0.443793103
20	22	0.393103448
21	22	0.344482759
22	22	0.297931034
23	22	0.253448276
24	22	0.211034483
25	22	0.170689655
26	22	0.132413793
27	22	0.096206897
28	22	0.062068966
29	22	0.03
0	23	1.8
1	23	1.71
2	23	1.622068966
3	23	1.536206897
4	23	1.452413793
5	23	1.370689655
6	23	1.291034483
7	23	1.213448276
8	23	1.137931034
9	23	1.064482759
10	23	0.993103448
11	23	0.923793103
12	23	0.856551724
13	23	0.79137931
14	23	0.728275862
15	23	0.667241379
16	23	0.608275862
17	23	0.55137931
18	23	0.496551724
19	23	0.443793103
20	23	0.393103448
21	23	0.344482759
22	23	0.297931034
23	23	0.253448276
24	23	0.211034483
25	23	0.170689655
26	23	0.132413793
27	23	0.096206897
28	23	0.062068966
29	23	0.03
0	24	1.8
1	24	1.71
2	24	1.622068966
3	24	1.536206897
4	24	1.452413793
5	24	1.370689655
6	24	1.291034483
7	24	1.213448276
8	24	1.137931034
9	24	1.064482759
10	24	0.993103448
11	24	0.923793103
12	24	0.856551724
13	24	0.79137931
14	24	0.728275862
15	24	0.667241379
16	24	0.608275862
17	24	0.55137931
18	24	0.496551724
19	24	0.443793103
20	24	0.393103448
21	24	0.344482759
22	24	0.297931034
23	24	0.253448276
24	24	0.211034483
25	24	0.170689655
26	24	0.132413793
27	24	0.096206897
28	24	0.062068966
29	24	0.03
0	25	1.8
1	25	1.71
2	25	1.622068966
3	25	1.536206897
4	25	1.452413793
5	25	1.370689655
6	25	1.291034483
7	25	1.213448276
8	25	1.137931034
9	25	1.064482759
10	25	0.993103448
11	25	0.923793103
12	25	0.856551724
13	25	0.79137931
14	25	0.728275862
15	25	0.667241379
16	25	0.608275862
17	25	0.55137931
18	25	0.496551724
19	25	0.443793103
20	25	0.393103448
21	25	0.344482759
22	25	0.297931034
23	25	0.253448276
24	25	0.211034483
25	25	0.170689655
26	25	0.132413793
27	25	0.096206897
28	25	0.062068966
29	25	0.03
0	26	1.8
1	26	1.71
2	26	1.622068966
3	26	1.536206897
4	26	1.452413793
5	26	1.370689655
6	26	1.291034483
7	26	1.213448276
8	26	1.137931034
9	26	1.064482759
10	26	0.993103448
11	26	0.923793103
12	26	0.856551724
13	26	0.79137931
14	26	0.728275862
15	26	0.667241379
16	26	0.608275862
17	26	0.55137931
18	26	0.496551724
19	26	0.443793103
20	26	0.393103448
21	26	0.344482759
22	26	0.297931034
23	26	0.253448276
24	26	0.211034483
25	26	0.170689655
26	26	0.132413793
27	26	0.096206897
28	26	0.062068966
29	26	0.03
0	27	1.8
1	27	1.71
2	27	1.622068966
3	27	1.536206897
4	27	1.452413793
5	27	1.370689655
6	27	1.291034483
7	27	1.213448276
8	27	1.137931034
9	27	1.064482759
10	27	0.993103448
11	27	0.923793103
12	27	0.856551724
13	27	0.79137931
14	27	0.728275862
15	27	0.667241379
16	27	0.608275862
17	27	0.55137931
18	27	0.496551724
19	27	0.443793103
20	27	0.393103448
21	27	0.344482759
22	27	0.297931034
23	27	0.253448276
24	27	0.211034483
25	27	0.170689655
26	27	0.132413793
27	27	0.096206897
28	27	0.062068966
29	27	0.03
0	28	1.8
1	28	1.71
2	28	1.622068966
3	28	1.536206897
4	28	1.452413793
5	28	1.370689655
6	28	1.291034483
7	28	1.213448276
8	28	1.137931034
9	28	1.064482759
10	28	0.993103448
11	28	0.923793103
12	28	0.856551724
13	28	0.79137931
14	28	0.728275862
15	28	0.667241379
16	28	0.608275862
17	28	0.55137931
18	28	0.496551724
19	28	0.443793103
20	28	0.393103448
21	28	0.344482759
22	28	0.297931034
23	28	0.253448276
24	28	0.211034483
25	28	0.170689655
26	28	0.132413793
27	28	0.096206897
28	28	0.062068966
29	28	0.03
0	29	1.8
1	29	1.71
2	29	1.622068966
3	29	1.536206897
4	29	1.452413793
5	29	1.370689655
6	29	1.291034483
7	29	1.213448276
8	29	1.137931034
9	29	1.064482759
10	29	0.993103448
11	29	0.923793103
12	29	0.856551724
13	29	0.79137931
14	29	0.728275862
15	29	0.667241379
16	29	0.608275862
17	29	0.55137931
18	29	0.496551724
19	29	0.443793103
20	29	0.393103448
21	29	0.344482759
22	29	0.297931034
23	29	0.253448276
24	29	0.211034483
25	29	0.170689655
26	29	0.132413793
27	29	0.096206897
28	29	0.062068966
29	29	0.03
0	30	1.8
1	30	1.71
2	30	1.622068966
3	30	1.536206897
4	30	1.452413793
5	30	1.370689655
6	30	1.291034483
7	30	1.213448276
8	30	1.137931034
9	30	1.064482759
10	30	0.993103448
11	30	0.923793103
12	30	0.856551724
13	30	0.79137931
14	30	0.728275862
15	30	0.667241379
16	30	0.608275862
17	30	0.55137931
18	30	0.496551724
19	30	0.443793103
20	30	0.393103448
21	30	0.344482759
22	30	0.297931034
23	30	0.253448276
24	30	0.211034483
25	30	0.170689655
26	30	0.132413793
27	30	0.096206897
28	30	0.062068966
29	30	0.03
0	31	1.8
1	31	1.71
2	31	1.622068966
3	31	1.536206897
4	31	1.452413793
5	31	1.370689655
6	31	1.291034483
7	31	1.213448276
8	31	1.137931034
9	31	1.064482759
10	31	0.993103448
11	31	0.923793103
12	31	0.856551724
13	31	0.79137931
14	31	0.728275862
15	31	0.667241379
16	31	0.608275862
17	31	0.55137931
18	31	0.496551724
19	31	0.443793103
20	31	0.393103448
21	31	0.344482759
22	31	0.297931034
23	31	0.253448276
24	31	0.211034483
25	31	0.170689655
26	31	0.132413793
27	31	0.096206897
28	31	0.062068966
29	31	0.03
0	32	1.8
1	32	1.71
2	32	1.622068966
3	32	1.536206897
4	32	1.452413793
5	32	1.370689655
6	32	1.291034483
7	32	1.213448276
8	32	1.137931034
9	32	1.064482759
10	32	0.993103448
11	32	0.923793103
12	32	0.856551724
13	32	0.79137931
14	32	0.728275862
15	32	0.667241379
16	32	0.608275862
17	32	0.55137931
18	32	0.496551724
19	32	0.443793103
20	32	0.393103448
21	32	0.344482759
22	32	0.297931034
23	32	0.253448276
24	32	0.211034483
25	32	0.170689655
26	32	0.132413793
27	32	0.096206897
28	32	0.062068966
29	32	0.03
0	33	1.8
1	33	1.71
2	33	1.622068966
3	33	1.536206897
4	33	1.452413793
5	33	1.370689655
6	33	1.291034483
7	33	1.213448276
8	33	1.137931034
9	33	1.064482759
10	33	0.993103448
11	33	0.923793103
12	33	0.856551724
13	33	0.79137931
14	33	0.728275862
15	33	0.667241379
16	33	0.608275862
17	33	0.55137931
18	33	0.496551724
19	33	0.443793103
20	33	0.393103448
21	33	0.344482759
22	33	0.297931034
23	33	0.253448276
24	33	0.211034483
25	33	0.170689655
26	33	0.132413793
27	33	0.096206897
28	33	0.062068966
29	33	0.03
0	34	1.8
1	34	1.71
2	34	1.622068966
3	34	1.536206897
4	34	1.452413793
5	34	1.370689655
6	34	1.291034483
7	34	1.213448276
8	34	1.137931034
9	34	1.064482759
10	34	0.993103448
11	34	0.923793103
12	34	0.856551724
13	34	0.79137931
14	34	0.728275862
15	34	0.667241379
16	34	0.608275862
17	34	0.55137931
18	34	0.496551724
19	34	0.443793103
20	34	0.393103448
21	34	0.344482759
22	34	0.297931034
23	34	0.253448276
24	34	0.211034483
25	34	0.170689655
26	34	0.132413793
27	34	0.096206897
28	34	0.062068966
29	34	0.03
0	35	1.8
1	35	1.71
2	35	1.622068966
3	35	1.536206897
4	35	1.452413793
5	35	1.370689655
6	35	1.291034483
7	35	1.213448276
8	35	1.137931034
9	35	1.064482759
10	35	0.993103448
11	35	0.923793103
12	35	0.856551724
13	35	0.79137931
14	35	0.728275862
15	35	0.667241379
16	35	0.608275862
17	35	0.55137931
18	35	0.496551724
19	35	0.443793103
20	35	0.393103448
21	35	0.344482759
22	35	0.297931034
23	35	0.253448276
24	35	0.211034483
25	35	0.170689655
26	35	0.132413793
27	35	0.096206897
28	35	0.062068966
29	35	0.03
0	36	1.8
1	36	1.71
2	36	1.622068966
3	36	1.536206897
4	36	1.452413793
5	36	1.370689655
6	36	1.291034483
7	36	1.213448276
8	36	1.137931034
9	36	1.064482759
10	36	0.993103448
11	36	0.923793103
12	36	0.856551724
13	36	0.79137931
14	36	0.728275862
15	36	0.667241379
16	36	0.608275862
17	36	0.55137931
18	36	0.496551724
19	36	0.443793103
20	36	0.393103448
21	36	0.344482759
22	36	0.297931034
23	36	0.253448276
24	36	0.211034483
25	36	0.170689655
26	36	0.132413793
27	36	0.096206897
28	36	0.062068966
29	36	0.03
0	37	1.8
1	37	1.71
2	37	1.622068966
3	37	1.536206897
4	37	1.452413793
5	37	1.370689655
6	37	1.291034483
7	37	1.213448276
8	37	1.137931034
9	37	1.064482759
10	37	0.993103448
11	37	0.923793103
12	37	0.856551724
13	37	0.79137931
14	37	0.728275862
15	37	0.667241379
16	37	0.608275862
17	37	0.55137931
18	37	0.496551724
19	37	0.443793103
20	37	0.393103448
21	37	0.344482759
22	37	0.297931034
23	37	0.253448276
24	37	0.211034483
25	37	0.170689655
26	37	0.132413793
27	37	0.096206897
28	37	0.062068966
29	37	0.03
0	38	1.8
1	38	1.71
2	38	1.622068966
3	38	1.536206897
4	38	1.452413793
5	38	1.370689655
6	38	1.291034483
7	38	1.213448276
8	38	1.137931034
9	38	1.064482759
10	38	0.993103448
11	38	0.923793103
12	38	0.856551724
13	38	0.79137931
14	38	0.728275862
15	38	0.667241379
16	38	0.608275862
17	38	0.55137931
18	38	0.496551724
19	38	0.443793103
20	38	0.393103448
21	38	0.344482759
22	38	0.297931034
23	38	0.253448276
24	38	0.211034483
25	38	0.170689655
26	38	0.132413793
27	38	0.096206897
28	38	0.062068966
29	38	0.03
0	39	1.8
1	39	1.71
2	39	1.622068966
3	39	1.536206897
4	39	1.452413793
5	39	1.370689655
6	39	1.291034483
7	39	1.213448276
8	39	1.137931034
9	39	1.064482759
10	39	0.993103448
11	39	0.923793103
12	39	0.856551724
13	39	0.79137931
14	39	0.728275862
15	39	0.667241379
16	39	0.608275862
17	39	0.55137931
18	39	0.496551724
19	39	0.443793103
20	39	0.393103448
21	39	0.344482759
22	39	0.297931034
23	39	0.253448276
24	39	0.211034483
25	39	0.170689655
26	39	0.132413793
27	39	0.096206897
28	39	0.062068966
29	39	0.03
0	40	1.8
1	40	1.71
2	40	1.622068966
3	40	1.536206897
4	40	1.452413793
5	40	1.370689655
6	40	1.291034483
7	40	1.213448276
8	40	1.137931034
9	40	1.064482759
10	40	0.993103448
11	40	0.923793103
12	40	0.856551724
13	40	0.79137931
14	40	0.728275862
15	40	0.667241379
16	40	0.608275862
17	40	0.55137931
18	40	0.496551724
19	40	0.443793103
20	40	0.393103448
21	40	0.344482759
22	40	0.297931034
23	40	0.253448276
24	40	0.211034483
25	40	0.170689655
26	40	0.132413793
27	40	0.096206897
28	40	0.062068966
29	40	0.03
0	41	1.8
1	41	1.71
2	41	1.622068966
3	41	1.536206897
4	41	1.452413793
5	41	1.370689655
6	41	1.291034483
7	41	1.213448276
8	41	1.137931034
9	41	1.064482759
10	41	0.993103448
11	41	0.923793103
12	41	0.856551724
13	41	0.79137931
14	41	0.728275862
15	41	0.667241379
16	41	0.608275862
17	41	0.55137931
18	41	0.496551724
19	41	0.443793103
20	41	0.393103448
21	41	0.344482759
22	41	0.297931034
23	41	0.253448276
24	41	0.211034483
25	41	0.170689655
26	41	0.132413793
27	41	0.096206897
28	41	0.062068966
29	41	0.03
0	42	1.8
1	42	1.71
2	42	1.622068966
3	42	1.536206897
4	42	1.452413793
5	42	1.370689655
6	42	1.291034483
7	42	1.213448276
8	42	1.137931034
9	42	1.064482759
10	42	0.993103448
11	42	0.923793103
12	42	0.856551724
13	42	0.79137931
14	42	0.728275862
15	42	0.667241379
16	42	0.608275862
17	42	0.55137931
18	42	0.496551724
19	42	0.443793103
20	42	0.393103448
21	42	0.344482759
22	42	0.297931034
23	42	0.253448276
24	42	0.211034483
25	42	0.170689655
26	42	0.132413793
27	42	0.096206897
28	42	0.062068966
29	42	0.03
0	43	1.8
1	43	1.71
2	43	1.622068966
3	43	1.536206897
4	43	1.452413793
5	43	1.370689655
6	43	1.291034483
7	43	1.213448276
8	43	1.137931034
9	43	1.064482759
10	43	0.993103448
11	43	0.923793103
12	43	0.856551724
13	43	0.79137931
14	43	0.728275862
15	43	0.667241379
16	43	0.608275862
17	43	0.55137931
18	43	0.496551724
19	43	0.443793103
20	43	0.393103448
21	43	0.344482759
22	43	0.297931034
23	43	0.253448276
24	43	0.211034483
25	43	0.170689655
26	43	0.132413793
27	43	0.096206897
28	43	0.062068966
29	43	0.03
0	44	1.8
1	44	1.71
2	44	1.622068966
3	44	1.536206897
4	44	1.452413793
5	44	1.370689655
6	44	1.291034483
7	44	1.213448276
8	44	1.137931034
9	44	1.064482759
10	44	0.993103448
11	44	0.923793103
12	44	0.856551724
13	44	0.79137931
14	44	0.728275862
15	44	0.667241379
16	44	0.608275862
17	44	0.55137931
18	44	0.496551724
19	44	0.443793103
20	44	0.393103448
21	44	0.344482759
22	44	0.297931034
23	44	0.253448276
24	44	0.211034483
25	44	0.170689655
26	44	0.132413793
27	44	0.096206897
28	44	0.062068966
29	44	0.03
0	45	1.8
1	45	1.71
2	45	1.622068966
3	45	1.536206897
4	45	1.452413793
5	45	1.370689655
6	45	1.291034483
7	45	1.213448276
8	45	1.137931034
9	45	1.064482759
10	45	0.993103448
11	45	0.923793103
12	45	0.856551724
13	45	0.79137931
14	45	0.728275862
15	45	0.667241379
16	45	0.608275862
17	45	0.55137931
18	45	0.496551724
19	45	0.443793103
20	45	0.393103448
21	45	0.344482759
22	45	0.297931034
23	45	0.253448276
24	45	0.211034483
25	45	0.170689655
26	45	0.132413793
27	45	0.096206897
28	45	0.062068966
29	45	0.03
0	46	1.8
1	46	1.71
2	46	1.622068966
3	46	1.536206897
4	46	1.452413793
5	46	1.370689655
6	46	1.291034483
7	46	1.213448276
8	46	1.137931034
9	46	1.064482759
10	46	0.993103448
11	46	0.923793103
12	46	0.856551724
13	46	0.79137931
14	46	0.728275862
15	46	0.667241379
16	46	0.608275862
17	46	0.55137931
18	46	0.496551724
19	46	0.443793103
20	46	0.393103448
21	46	0.344482759
22	46	0.297931034
23	46	0.253448276
24	46	0.211034483
25	46	0.170689655
26	46	0.132413793
27	46	0.096206897
28	46	0.062068966
29	46	0.03
0	47	1.8
1	47	1.71
2	47	1.622068966
3	47	1.536206897
4	47	1.452413793
5	47	1.370689655
6	47	1.291034483
7	47	1.213448276
8	47	1.137931034
9	47	1.064482759
10	47	0.993103448
11	47	0.923793103
12	47	0.856551724
13	47	0.79137931
14	47	0.728275862
15	47	0.667241379
16	47	0.608275862
17	47	0.55137931
18	47	0.496551724
19	47	0.443793103
20	47	0.393103448
21	47	0.344482759
22	47	0.297931034
23	47	0.253448276
24	47	0.211034483
25	47	0.170689655
26	47	0.132413793
27	47	0.096206897
28	47	0.062068966
29	47	0.03
0	48	1.8
1	48	1.71
2	48	1.622068966
3	48	1.536206897
4	48	1.452413793
5	48	1.370689655
6	48	1.291034483
7	48	1.213448276
8	48	1.137931034
9	48	1.064482759
10	48	0.993103448
11	48	0.923793103
12	48	0.856551724
13	48	0.79137931
14	48	0.728275862
15	48	0.667241379
16	48	0.608275862
17	48	0.55137931
18	48	0.496551724
19	48	0.443793103
20	48	0.393103448
21	48	0.344482759
22	48	0.297931034
23	48	0.253448276
24	48	0.211034483
25	48	0.170689655
26	48	0.132413793
27	48	0.096206897
28	48	0.062068966
29	48	0.03
0	49	1.8
1	49	1.71
2	49	1.622068966
3	49	1.536206897
4	49	1.452413793
5	49	1.370689655
6	49	1.291034483
7	49	1.213448276
8	49	1.137931034
9	49	1.064482759
10	49	0.993103448
11	49	0.923793103
12	49	0.856551724
13	49	0.79137931
14	49	0.728275862
15	49	0.667241379
16	49	0.608275862
17	49	0.55137931
18	49	0.496551724
19	49	0.443793103
20	49	0.393103448
21	49	0.344482759
22	49	0.297931034
23	49	0.253448276
24	49	0.211034483
25	49	0.170689655
26	49	0.132413793
27	49	0.096206897
28	49	0.062068966
29	49	0.03